ans =

 Columns 1 through 8:

   9.7212e-01   4.6263e-01   6.1916e-01   7.3210e-02   1.5709e-01   4.3324e-01   1.8053e-01   5.4818e-01
   7.4922e-01   3.9130e-01   3.2902e-01   5.7468e-01   8.1457e-01   3.9491e-01   6.9911e-02   5.3614e-01
   4.1062e-01   8.8416e-01   2.0124e-01   9.1344e-01   1.4245e-01   9.5821e-01   5.0153e-01   4.3737e-01
   6.5834e-01   6.2544e-01   3.7580e-01   9.7023e-01   4.1745e-01   9.0415e-01   9.5668e-01   3.0704e-01
   8.7876e-01   4.9818e-01   2.8554e-01   1.2567e-01   2.1147e-01   1.6191e-01   5.2668e-01   1.4990e-01
   9.0952e-01   9.8828e-01   7.3124e-01   9.1839e-01   5.2491e-01   8.8151e-01   3.4380e-01   9.7574e-01
   5.0007e-01   3.3931e-01   4.3714e-01   5.7460e-02   6.3561e-01   8.5715e-01   6.6393e-01   8.6216e-01
   1.2939e-01   9.4438e-01   2.7418e-02   2.5958e-02   7.5825e-02   1.8156e-01   1.5268e-01   8.3031e-01
   4.4104e-01   8.9415e-01   9.7615e-02   1.0581e-01   9.0431e-01   7.9413e-01   4.6678e-01   2.1026e-02
   6.0935e-01   8.8715e-01   4.5922e-01   7.3238e-01   6.0550e-01   6.7185e-01   1.5275e-01   1.8356e-01
   4.8467e-01   3.2622e-01   5.0058e-01   9.3952e-01   4.5720e-01   1.7243e-01   5.8202e-01   1.7480e-01
   2.2656e-01   3.3459e-01   9.1414e-01   4.4288e-01   3.9469e-01   6.4439e-01   5.7630e-01   5.5605e-01
   4.2546e-01   3.5460e-01   5.2151e-01   7.6675e-01   1.5426e-01   1.5671e-01   4.1155e-01   1.4334e-01
   7.6495e-01   8.3628e-01   1.2084e-01   4.6353e-01   1.6176e-01   3.6239e-01   8.5891e-01   2.4117e-02
   3.1343e-02   5.4732e-01   3.4576e-02   7.0358e-02   8.1527e-01   3.4936e-01   1.9487e-01   4.6416e-01
   9.7689e-01   7.1250e-01   2.5322e-01   2.8137e-02   1.6701e-01   3.3375e-01   3.2263e-01   1.0547e-01
   5.7274e-01   3.4671e-01   2.7330e-01   3.0505e-01   6.0650e-01   6.7375e-01   5.6167e-01   9.2635e-01
   6.9413e-01   5.5640e-01   5.0196e-01   1.4737e-01   1.6914e-01   6.6053e-02   9.6682e-01   6.6669e-01
   5.7959e-01   2.6748e-01   9.9536e-01   7.2221e-01   9.4343e-01   5.7872e-02   4.1758e-01   9.6142e-01
   1.8684e-01   2.1646e-01   6.5121e-01   6.8400e-01   9.3578e-02   4.5594e-01   5.3792e-01   2.7166e-01
   4.0287e-01   8.2156e-01   7.5203e-01   8.9453e-01   3.8946e-01   4.5563e-01   8.4898e-01   7.1693e-01
   2.6022e-01   6.3843e-01   6.0486e-01   1.5726e-01   2.1768e-01   8.6052e-01   6.5055e-01   5.2039e-01
   8.8823e-01   2.7261e-01   3.5351e-01   7.7301e-01   6.6412e-01   5.2941e-01   9.7193e-01   7.0555e-01
   1.4424e-01   7.1644e-01   3.6245e-02   1.6229e-02   6.6461e-01   2.7703e-01   7.0369e-01   4.5528e-01

 Columns 9 through 16:

   4.2966e-02   4.9797e-01   9.8485e-01   3.1300e-02   3.5897e-01   8.8783e-01   4.1319e-04   4.2353e-01
   2.9673e-01   3.9317e-02   8.7390e-01   9.3759e-02   3.2059e-01   3.8249e-02   8.7195e-01   1.7294e-01
   7.3128e-01   3.2928e-01   4.3106e-02   6.7882e-01   2.1245e-01   2.7325e-01   7.6270e-01   2.8238e-01
   4.1050e-01   2.3951e-01   8.2613e-01   3.1544e-01   8.0679e-01   6.8568e-01   5.9863e-01   7.1921e-01
   2.7576e-01   6.8140e-01   3.2972e-01   6.2356e-01   8.5518e-01   9.9845e-01   2.9815e-01   4.6246e-01
   8.7968e-01   8.8645e-01   1.8153e-01   8.7511e-01   4.2787e-01   6.2810e-01   8.8193e-02   6.2054e-01
   8.4778e-01   4.7640e-01   5.0533e-01   2.3412e-01   1.1891e-01   5.6876e-01   4.0753e-01   9.0564e-01
   1.6824e-01   2.7813e-01   4.8733e-01   6.5585e-01   9.0371e-01   2.6245e-01   3.7272e-01   7.8950e-01
   6.8574e-01   8.1491e-01   3.0058e-02   3.5037e-01   2.6990e-01   8.4343e-01   9.2374e-01   3.8024e-01
   3.0450e-02   9.2191e-01   4.2758e-02   4.2985e-01   5.7045e-01   5.3474e-03   9.9534e-01   6.9576e-01
   1.3055e-02   4.3082e-01   5.5204e-01   5.0884e-01   1.4614e-01   1.7507e-01   5.1661e-01   3.4930e-01
   2.8959e-01   1.6996e-01   4.0933e-01   7.2827e-02   7.2474e-01   3.6647e-01   4.0246e-01   6.1884e-01
   3.7194e-01   9.2744e-01   9.1669e-01   2.9725e-01   2.6359e-01   1.1320e-02   3.2036e-01   2.4556e-01
   3.4462e-01   6.2775e-01   6.6438e-01   1.1333e-03   7.6052e-02   4.6809e-02   9.1317e-01   6.5663e-01
   8.3002e-01   8.6049e-01   3.3074e-01   5.9431e-01   1.5184e-02   5.0855e-01   5.9205e-01   8.5794e-01
   7.9517e-01   7.0265e-01   7.3495e-02   7.8253e-01   7.1654e-01   7.8854e-01   2.6672e-02   5.8711e-01
   3.4508e-01   8.1937e-01   9.7811e-01   1.2696e-01   1.8493e-01   6.4605e-01   2.5762e-02   2.4531e-01
   1.0304e-01   6.7146e-01   3.0133e-02   6.6658e-01   2.8390e-01   9.9841e-01   7.1422e-01   8.9057e-01
   3.5906e-01   7.4060e-01   1.9284e-01   7.3902e-01   2.8892e-01   2.9193e-02   2.1283e-01   5.6455e-02
   6.5655e-01   2.1723e-01   7.2703e-01   3.7801e-01   9.0535e-01   4.7728e-01   6.3466e-01   5.6598e-01
   4.1439e-01   2.2280e-01   3.4171e-01   3.0976e-01   7.4157e-01   1.2481e-01   7.8463e-01   7.5047e-01
   1.8103e-01   8.0997e-01   3.7305e-02   9.8281e-01   3.1396e-01   8.5085e-01   3.4955e-01   6.9677e-01
   3.7557e-01   1.9500e-01   4.9846e-01   7.1465e-01   6.2777e-01   3.2995e-01   4.3698e-01   4.0771e-01
   9.0712e-01   7.9248e-01   8.6016e-01   7.0618e-01   5.6608e-01   8.5553e-01   9.3839e-01   1.5078e-01

 Columns 17 through 24:

   6.3565e-01   8.9665e-01   4.3831e-01   2.2318e-01   3.8558e-02   6.8056e-01   3.0838e-01   6.3587e-01
   7.5819e-01   5.2534e-01   3.6826e-01   5.6720e-01   7.5283e-01   7.1196e-01   5.5482e-01   3.9362e-01
   5.5492e-01   3.2939e-01   3.1130e-01   9.5864e-01   3.8327e-01   6.6865e-01   4.8273e-01   2.6999e-01
   8.5784e-01   7.7597e-01   4.7406e-01   5.6256e-01   2.8166e-01   4.2638e-01   7.9335e-01   1.9599e-01
   1.7156e-02   2.5584e-01   8.2504e-02   8.5091e-01   7.1328e-01   7.1017e-01   2.8964e-01   9.2408e-01
   1.2612e-01   3.3328e-01   5.3106e-02   1.0768e-01   1.9721e-01   8.3079e-01   6.7550e-01   4.6063e-01
   6.3736e-02   9.1254e-01   8.8209e-01   6.9181e-01   5.6360e-01   6.2461e-01   1.6599e-01   7.4534e-01
   7.5264e-01   2.7718e-01   7.2664e-01   6.0951e-02   9.3159e-02   6.8078e-01   7.6755e-01   1.7756e-01
   5.3436e-01   3.5740e-01   6.0615e-01   7.7415e-01   8.3665e-01   8.4039e-01   8.8123e-01   2.2850e-01
   4.8537e-01   7.6758e-01   7.7628e-02   5.2148e-02   1.3375e-01   4.8664e-01   4.0346e-01   9.9853e-01
   4.4413e-01   9.3922e-01   1.3314e-01   4.2920e-01   6.4060e-02   1.5551e-02   4.5739e-01   5.5352e-01
   5.9560e-01   3.9496e-01   5.5355e-02   2.5545e-02   2.9394e-01   4.3517e-01   5.2684e-02   6.3961e-01
   5.2848e-01   4.1700e-01   7.3410e-01   4.2523e-01   5.2436e-01   1.6618e-01   9.7542e-01   5.3692e-01
   1.1804e-02   8.7117e-01   6.3630e-02   6.5762e-01   5.9074e-01   5.0243e-01   1.7949e-01   4.7882e-01
   9.5332e-01   4.5794e-01   5.6621e-01   6.7008e-01   4.9284e-03   5.8623e-01   5.5497e-01   3.9438e-02
   3.7900e-01   2.4956e-01   3.3852e-01   4.8337e-01   7.7966e-02   3.0264e-01   8.6051e-01   2.2387e-01
   6.5468e-01   8.6999e-01   8.9853e-01   8.2977e-01   9.6943e-01   7.0488e-01   2.9502e-01   1.9906e-01
   5.8134e-01   4.6873e-01   7.3765e-01   8.8454e-01   5.1078e-01   9.6529e-01   3.6808e-01   9.4711e-01
   4.5630e-01   3.1114e-01   4.1341e-01   4.9141e-01   8.2006e-02   1.8049e-01   2.9731e-01   6.3756e-01
   3.4392e-01   7.4227e-01   2.2402e-01   6.5006e-02   5.9165e-01   7.8291e-01   2.7804e-01   8.5071e-01
   8.0180e-02   9.2433e-01   3.6889e-01   9.1608e-01   3.0599e-02   9.8009e-01   8.8819e-02   1.6534e-01
   4.2901e-01   3.3971e-01   8.2136e-01   9.0655e-01   5.1287e-01   6.8699e-03   8.7252e-01   4.1392e-01
   2.4120e-01   8.8217e-01   7.5705e-02   9.7886e-01   8.9455e-01   2.5569e-01   3.2190e-01   6.5081e-01
   7.8664e-01   2.1156e-01   2.9308e-01   2.4793e-02   2.3306e-01   5.7548e-01   8.0148e-01   4.9089e-02

